9994547
9994109
10003636
10002343
9991099
9999274
10008286
10000293
9999075
10004744
10003720
9994258
9997696
10001070
9995593
10001786
9999289
9992706
10002291
10005939
10000558
9999560
10000940
9999577
9993952
9999724
10003715
10002443
10002947
10000554
10005005
10002045
9999544
9998084
9994563
9997771
9998528
9998664
10004348
9998831
9996545
9999496
10000179
9998849
10002814
9995601
10007671
10004283
9997353
9999267
9998352
9995819
10000993
10001237
9995740
9999017
10001105
10002754
9993360
10001744
9997500
10005104
10001398
9999271
10004433
9998340
9994796
10001827
9997607
9995246
9993636
10002134
10002080
9996927
10000466
10000139
10003081
10004079
10001658
10000215
10003125
9999980
10001539
10002476
10001885
9999813
9999666
10001926
9999147
10001584
10000762
9996272
9996323
9999510
10004859
10000913
9997584
10005184
9995926
10006303
